a=0:5:180;
a=a'